temps_execution: 0.920536994934082
nombre_enregistrements: 60000000
temps_moyen_par_enregistrement: 1.5342283248901366e-08
