temps_execution: 1.9495000839233398
nombre_enregistrements: 60000000
temps_moyen_par_enregistrement: 3.2491668065389e-05
